contractSymbol,ticker,lastTradeDate,expiryDate,strike,lastPrice,bid,ask,mid,volume,openInterest,impliedVolatility,last close,optionType,yFinance_dividend_yield
CMCSA230519C00030000,CMCSA,2023-05-12 19:27:02,2023-05-19,30.0,10.23,11.15,11.3,11.225000000000001,20.0,14.0,3.0000025,41.18000030517578,calls,0.026226323263631893
CMCSA230519C00032500,CMCSA,2023-05-19 15:56:52,2023-05-19,32.5,8.76,8.65,8.75,8.7,2.0,43.0,2.0625048437499998,41.18000030517578,calls,0.026226323263631893
CMCSA230519C00035000,CMCSA,2023-05-19 19:19:03,2023-05-19,35.0,6.12,6.15,6.25,6.2,11.0,330.0,1.5000025,41.18000030517578,calls,0.026226323263631893
CMCSA230519C00036000,CMCSA,2023-05-09 13:32:15,2023-05-19,36.0,4.14,5.15,5.3,5.225,10.0,11.0,1.453127734375,41.18000030517578,calls,0.026226323263631893
CMCSA230519C00036500,CMCSA,2023-05-04 16:51:12,2023-05-19,36.5,3.98,4.65,4.8,4.725,4.0,103.0,1.3281283593749997,41.18000030517578,calls,0.026226323263631893
CMCSA230519C00037000,CMCSA,2023-05-18 15:56:33,2023-05-19,37.0,3.8,4.15,4.3,4.225,15.0,126.0,1.203128984375,41.18000030517578,calls,0.026226323263631893
CMCSA230519C00037500,CMCSA,2023-05-19 15:45:56,2023-05-19,37.5,3.95,3.65,3.75,3.7,89.0,3199.0,0.937500625,41.18000030517578,calls,0.026226323263631893
CMCSA230519C00038000,CMCSA,2023-05-19 19:21:46,2023-05-19,38.0,3.13,3.15,3.3,3.2249999999999996,10.0,467.0,0.9531254687499999,41.18000030517578,calls,0.026226323263631893
CMCSA230519C00038500,CMCSA,2023-05-19 14:04:56,2023-05-19,38.5,2.5,2.64,2.75,2.6950000000000003,14.0,163.0,0.6718782812500002,41.18000030517578,calls,0.026226323263631893
CMCSA230519C00039000,CMCSA,2023-05-19 19:47:10,2023-05-19,39.0,2.21,2.15,2.26,2.205,84.0,677.0,0.6171913281250001,41.18000030517578,calls,0.026226323263631893
CMCSA230519C00039500,CMCSA,2023-05-19 18:41:19,2023-05-19,39.5,1.64,1.65,1.75,1.7,14.0,604.0,0.64062859375,41.18000030517578,calls,0.026226323263631893
CMCSA230519C00040000,CMCSA,2023-05-19 19:57:15,2023-05-19,40.0,1.23,1.15,1.25,1.2,3455.0,13096.0,0.49609878906250005,41.18000030517578,calls,0.026226323263631893
CMCSA230519C00040500,CMCSA,2023-05-19 19:47:22,2023-05-19,40.5,0.67,0.65,0.76,0.7050000000000001,215.0,1028.0,0.35938140625,41.18000030517578,calls,0.026226323263631893
CMCSA230519C00041000,CMCSA,2023-05-19 19:57:22,2023-05-19,41.0,0.22,0.15,0.25,0.2,1314.0,5327.0,0.16602396484375004,41.18000030517578,calls,0.026226323263631893
CMCSA230519P00041500,CMCSA,2023-05-19 15:24:49,2023-05-19,41.5,0.14,0.25,0.41,0.32999999999999996,1.0,439.0,0.2461012890625,41.18000030517578,puts,0.026226323263631893
CMCSA230519P00042000,CMCSA,2023-05-19 14:11:38,2023-05-19,42.0,0.78,0.75,0.88,0.815,1.0,43.0,0.35938140625,41.18000030517578,puts,0.026226323263631893
CMCSA230519P00042500,CMCSA,2023-05-17 16:00:39,2023-05-19,42.5,2.6,1.22,1.4,1.31,2.0,0.0,0.5429733203125001,41.18000030517578,puts,0.026226323263631893
CMCSA230519P00044000,CMCSA,2023-05-18 16:11:47,2023-05-19,44.0,3.16,2.72,2.87,2.795,0.0,0.0,0.8281267187499999,41.18000030517578,puts,0.026226323263631893
CMCSA230526C00030000,CMCSA,2023-05-12 19:27:02,2023-05-26,30.0,10.27,11.15,11.3,11.225000000000001,0.0,20.0,1.0625046875000002,41.18000030517578,calls,0.026226323263631893
CMCSA230526C00033000,CMCSA,2023-05-12 18:10:02,2023-05-26,33.0,7.1,8.15,8.35,8.25,2.0,1.0,0.8437515624999999,41.18000030517578,calls,0.026226323263631893
CMCSA230526C00034000,CMCSA,2023-05-05 14:26:21,2023-05-26,34.0,6.12,7.15,7.3,7.225,6.0,4.0,0.6875031250000001,41.18000030517578,calls,0.026226323263631893
CMCSA230526C00035000,CMCSA,2023-05-19 19:19:03,2023-05-26,35.0,6.16,6.15,6.3,6.225,12.0,6.0,0.6015664843750002,41.18000030517578,calls,0.026226323263631893
CMCSA230526C00037000,CMCSA,2023-04-27 14:03:08,2023-05-26,37.0,2.04,4.2,4.35,4.275,0.0,2.0,0.500005,41.18000030517578,calls,0.026226323263631893
CMCSA230526C00038000,CMCSA,2023-05-19 19:21:46,2023-05-26,38.0,3.18,3.2,3.35,3.2750000000000004,6.0,17.0,0.47070841796875,41.18000030517578,calls,0.026226323263631893
CMCSA230526C00038500,CMCSA,2023-05-19 14:04:56,2023-05-26,38.5,2.61,2.73,2.84,2.785,14.0,11.0,0.40820904296875,41.18000030517578,calls,0.026226323263631893
CMCSA230526C00039000,CMCSA,2023-05-19 19:47:10,2023-05-26,39.0,2.25,2.25,2.36,2.3049999999999997,1539.0,1678.0,0.366217275390625,41.18000030517578,calls,0.026226323263631893
CMCSA230526C00039500,CMCSA,2023-05-19 18:41:19,2023-05-26,39.5,1.76,1.71,1.9,1.805,4.0,13.0,0.3320379296875,41.18000030517578,calls,0.026226323263631893
CMCSA230526C00040000,CMCSA,2023-05-19 19:49:27,2023-05-26,40.0,1.35,1.34,1.44,1.3900000000000001,18.0,670.0,0.2910227148437499,41.18000030517578,calls,0.026226323263631893
CMCSA230526C00040500,CMCSA,2023-05-19 19:27:30,2023-05-26,40.5,0.9,0.91,1.03,0.97,20.0,690.0,0.26270268554687504,41.18000030517578,calls,0.026226323263631893
CMCSA230526C00041000,CMCSA,2023-05-19 19:19:03,2023-05-26,41.0,0.56,0.6,0.65,0.625,93.0,576.0,0.22852333984375,41.18000030517578,calls,0.026226323263631893
CMCSA230526C00041500,CMCSA,2023-05-19 19:56:26,2023-05-26,41.5,0.36,0.34,0.38,0.36,904.0,40.0,0.2148516015625,41.18000030517578,calls,0.026226323263631893
CMCSA230526C00042000,CMCSA,2023-05-19 19:48:33,2023-05-26,42.0,0.17,0.18,0.2,0.19,147.0,572.0,0.20703917968749996,41.18000030517578,calls,0.026226323263631893
CMCSA230526C00042500,CMCSA,2023-05-19 19:52:07,2023-05-26,42.5,0.09,0.07,0.11,0.09,24.0,22.0,0.21289849609375,41.18000030517578,calls,0.026226323263631893
CMCSA230526C00043000,CMCSA,2023-05-19 19:52:22,2023-05-26,43.0,0.07,0.04,0.07,0.05500000000000001,1028.0,513.0,0.2304764453125,41.18000030517578,calls,0.026226323263631893
CMCSA230526P00037000,CMCSA,2023-05-15 15:02:08,2023-05-26,37.0,0.05,0.01,0.02,0.015,56.0,133.0,0.367193828125,41.18000030517578,puts,0.026226323263631893
CMCSA230526P00037500,CMCSA,2023-05-19 16:43:30,2023-05-26,37.5,0.03,0.01,0.05,0.030000000000000002,2.0,20.0,0.39063109375,41.18000030517578,puts,0.026226323263631893
CMCSA230526P00038000,CMCSA,2023-05-19 13:36:31,2023-05-26,38.0,0.05,0.02,0.05,0.035,5.0,41.0,0.3437565625,41.18000030517578,puts,0.026226323263631893
CMCSA230526P00038500,CMCSA,2023-05-19 19:29:49,2023-05-26,38.5,0.05,0.03,0.06,0.045,5.0,13.0,0.31250687499999996,41.18000030517578,puts,0.026226323263631893
CMCSA230526P00039000,CMCSA,2023-05-19 15:31:11,2023-05-26,39.0,0.05,0.05,0.08,0.065,6.0,171.0,0.28711650390624993,41.18000030517578,puts,0.026226323263631893
CMCSA230526P00039500,CMCSA,2023-05-19 17:06:43,2023-05-26,39.5,0.09,0.07,0.12,0.095,19.0,79.0,0.26758544921875,41.18000030517578,puts,0.026226323263631893
CMCSA230526P00040000,CMCSA,2023-05-19 19:46:31,2023-05-26,40.0,0.13,0.12,0.17,0.14500000000000002,24.0,943.0,0.241218525390625,41.18000030517578,puts,0.026226323263631893
CMCSA230526P00040500,CMCSA,2023-05-19 19:58:14,2023-05-26,40.5,0.25,0.2,0.25,0.225,26.0,101.0,0.215828154296875,41.18000030517578,puts,0.026226323263631893
CMCSA230526P00041000,CMCSA,2023-05-19 19:54:39,2023-05-26,41.0,0.35,0.37,0.4,0.385,93.0,596.0,0.1997150341796875,41.18000030517578,puts,0.026226323263631893
CMCSA230526P00042000,CMCSA,2023-05-19 15:32:54,2023-05-26,42.0,0.8,0.88,1.0,0.94,2.0,6.0,0.19727365234375,41.18000030517578,puts,0.026226323263631893
CMCSA230526P00043000,CMCSA,2023-05-19 19:10:14,2023-05-26,43.0,1.89,1.77,1.9,1.835,2.0,0.0,0.23926541992187497,41.18000030517578,puts,0.026226323263631893
CMCSA230526P00045000,CMCSA,2023-05-11 14:06:19,2023-05-26,45.0,4.96,3.7,3.85,3.7750000000000004,36.0,0.0,0.3320379296875,41.18000030517578,puts,0.026226323263631893
CMCSA230602C00028000,CMCSA,2023-04-24 13:45:40,2023-06-02,28.0,9.8,13.2,13.35,13.274999999999999,0.0,30.0,1.0390673046875003,41.18000030517578,calls,0.026226323263631893
CMCSA230602C00034000,CMCSA,2023-04-27 13:32:20,2023-06-02,34.0,4.4,7.2,7.35,7.275,0.0,24.0,0.5800823242187501,41.18000030517578,calls,0.026226323263631893
CMCSA230602C00035000,CMCSA,2023-04-28 13:31:41,2023-06-02,35.0,5.55,6.2,6.4,6.300000000000001,1.0,1.0,0.53320779296875,41.18000030517578,calls,0.026226323263631893
CMCSA230602C00037000,CMCSA,2023-05-16 13:44:31,2023-06-02,37.0,3.16,4.25,4.4,4.325,1.0,203.0,0.45508357421875,41.18000030517578,calls,0.026226323263631893
CMCSA230602C00038000,CMCSA,2023-05-18 19:08:46,2023-06-02,38.0,3.14,3.3,3.5,3.4,2.0,183.0,0.42383388671875,41.18000030517578,calls,0.026226323263631893
CMCSA230602C00039000,CMCSA,2023-05-18 17:21:24,2023-06-02,39.0,2.21,2.31,2.47,2.39,2.0,1314.0,0.3193427441406249,41.18000030517578,calls,0.026226323263631893
CMCSA230602C00040000,CMCSA,2023-05-18 16:57:55,2023-06-02,40.0,1.62,1.5,1.61,1.5550000000000002,6.0,518.0,0.2739330419921875,41.18000030517578,calls,0.026226323263631893
CMCSA230602C00041000,CMCSA,2023-05-19 19:43:08,2023-06-02,41.0,0.8,0.76,0.87,0.815,76.0,247.0,0.23389437988281248,41.18000030517578,calls,0.026226323263631893
CMCSA230602C00042000,CMCSA,2023-05-19 18:48:07,2023-06-02,42.0,0.32,0.29,0.38,0.33499999999999996,31.0,84.0,0.21289849609375,41.18000030517578,calls,0.026226323263631893
CMCSA230602C00043000,CMCSA,2023-05-19 15:19:26,2023-06-02,43.0,0.12,0.08,0.13,0.10500000000000001,12.0,2155.0,0.20215641601562498,41.18000030517578,calls,0.026226323263631893
CMCSA230602C00044000,CMCSA,2023-05-19 15:19:47,2023-06-02,44.0,0.03,0.01,0.06,0.034999999999999996,16.0,214.0,0.22266402343749997,41.18000030517578,calls,0.026226323263631893
CMCSA230602P00035000,CMCSA,2023-05-16 19:42:04,2023-06-02,35.0,0.04,0.01,0.05,0.030000000000000002,3.0,315.0,0.44727115234375,41.18000030517578,puts,0.026226323263631893
CMCSA230602P00036000,CMCSA,2023-05-19 19:27:48,2023-06-02,36.0,0.03,0.01,0.05,0.030000000000000002,20.0,214.0,0.38281867187499996,41.18000030517578,puts,0.026226323263631893
CMCSA230602P00037000,CMCSA,2023-05-16 15:36:39,2023-06-02,37.0,0.13,0.03,0.06,0.045,1.0,101.0,0.32813171874999997,41.18000030517578,puts,0.026226323263631893
CMCSA230602P00038000,CMCSA,2023-05-19 15:37:21,2023-06-02,38.0,0.08,0.05,0.1,0.07500000000000001,7.0,466.0,0.29688203124999996,41.18000030517578,puts,0.026226323263631893
CMCSA230602P00039000,CMCSA,2023-05-11 13:49:06,2023-06-02,39.0,0.43,0.11,0.17,0.14,20.0,225.0,0.26270268554687504,41.18000030517578,puts,0.026226323263631893
CMCSA230602P00040000,CMCSA,2023-05-19 19:59:55,2023-06-02,40.0,0.27,0.24,0.31,0.275,2.0,311.0,0.231452998046875,41.18000030517578,puts,0.026226323263631893
CMCSA230602P00041000,CMCSA,2023-05-19 18:22:43,2023-06-02,41.0,0.56,0.5,0.58,0.54,233.0,65.0,0.20020331054687499,41.18000030517578,puts,0.026226323263631893
CMCSA230602P00042000,CMCSA,2023-05-04 13:56:19,2023-06-02,42.0,1.94,0.99,1.14,1.065,2.0,9.0,0.19336744140625,41.18000030517578,puts,0.026226323263631893
CMCSA230602P00043000,CMCSA,2023-05-09 14:45:40,2023-06-02,43.0,3.05,1.8,1.91,1.855,3.0,0.0,0.180672255859375,41.18000030517578,puts,0.026226323263631893
CMCSA230609C00034000,CMCSA,2023-05-05 14:26:45,2023-06-09,34.0,6.28,7.25,7.45,7.35,1.0,0.0,0.5449264257812501,41.18000030517578,calls,0.026226323263631893
CMCSA230609C00035000,CMCSA,2023-05-11 18:35:27,2023-06-09,35.0,5.56,6.25,6.5,6.375,1.0,0.0,0.569340244140625,41.18000030517578,calls,0.026226323263631893
CMCSA230609C00038000,CMCSA,2023-05-18 19:52:16,2023-06-09,38.0,3.52,3.35,3.6,3.475,2.0,13.0,0.38867798828125,41.18000030517578,calls,0.026226323263631893
CMCSA230609C00039000,CMCSA,2023-05-16 18:04:16,2023-06-09,39.0,1.53,2.44,2.62,2.5300000000000002,20.0,50.0,0.3149482568359374,41.18000030517578,calls,0.026226323263631893
CMCSA230609C00040000,CMCSA,2023-05-18 19:23:10,2023-06-09,40.0,1.54,1.6,1.77,1.685,10.0,925.0,0.27149166015625,41.18000030517578,calls,0.026226323263631893
CMCSA230609C00041000,CMCSA,2023-05-19 16:00:19,2023-06-09,41.0,0.96,0.93,1.04,0.9850000000000001,2.0,185.0,0.23535920898437498,41.18000030517578,calls,0.026226323263631893
CMCSA230609C00042000,CMCSA,2023-05-19 16:51:36,2023-06-09,42.0,0.48,0.46,0.54,0.5,39.0,888.0,0.21875781249999998,41.18000030517578,calls,0.026226323263631893
CMCSA230609C00043000,CMCSA,2023-05-19 19:46:31,2023-06-09,43.0,0.19,0.19,0.22,0.20500000000000002,38.0,656.0,0.20215641601562498,41.18000030517578,calls,0.026226323263631893
CMCSA230609C00044000,CMCSA,2023-05-19 17:44:25,2023-06-09,44.0,0.08,0.05,0.1,0.07500000000000001,3.0,58.0,0.20801573242187496,41.18000030517578,calls,0.026226323263631893
CMCSA230609C00045000,CMCSA,2023-05-19 13:30:14,2023-06-09,45.0,0.05,0.01,0.07,0.04,2.0,84.0,0.23731231445312498,41.18000030517578,calls,0.026226323263631893
CMCSA230609P00036000,CMCSA,2023-05-15 15:01:46,2023-06-09,36.0,0.11,0.02,0.08,0.05,3.0,4.0,0.34766277343749996,41.18000030517578,puts,0.026226323263631893
CMCSA230609P00037000,CMCSA,2023-05-16 19:56:32,2023-06-09,37.0,0.19,0.08,0.1,0.09,1.0,3.0,0.304694453125,41.18000030517578,puts,0.026226323263631893
CMCSA230609P00038000,CMCSA,2023-05-17 17:51:18,2023-06-09,38.0,0.19,0.12,0.15,0.135,4.0,89.0,0.273444765625,41.18000030517578,puts,0.026226323263631893
CMCSA230609P00039000,CMCSA,2023-05-19 17:44:25,2023-06-09,39.0,0.22,0.18,0.25,0.215,3.0,319.0,0.249030947265625,41.18000030517578,puts,0.026226323263631893
CMCSA230609P00040000,CMCSA,2023-05-19 18:23:29,2023-06-09,40.0,0.39,0.38,0.4,0.39,8.0,348.0,0.21778125976562498,41.18000030517578,puts,0.026226323263631893
CMCSA230609P00042000,CMCSA,2023-05-04 18:28:19,2023-06-09,42.0,2.0,1.14,1.26,1.2,2.0,14.0,0.192390888671875,41.18000030517578,puts,0.026226323263631893
CMCSA230609P00043000,CMCSA,2023-05-02 13:54:05,2023-06-09,43.0,2.06,1.84,2.0,1.92,2.0,2.0,0.187508125,41.18000030517578,puts,0.026226323263631893
CMCSA230609P00045000,CMCSA,2023-05-09 16:12:47,2023-06-09,45.0,5.17,3.7,3.9,3.8,1.0,0.0,0.245124736328125,41.18000030517578,puts,0.026226323263631893
CMCSA230616C00015000,CMCSA,2023-04-20 14:59:30,2023-06-16,15.0,22.95,26.1,26.4,26.25,10.0,11.0,1.6875015625,41.18000030517578,calls,0.026226323263631893
CMCSA230616C00020000,CMCSA,2023-05-03 15:38:47,2023-06-16,20.0,21.05,21.2,21.4,21.299999999999997,1.0,2.0,1.3515657421874998,41.18000030517578,calls,0.026226323263631893
CMCSA230616C00022500,CMCSA,2023-04-28 18:05:24,2023-06-16,22.5,19.0,18.6,18.9,18.75,1.0,1.0,1.0546922265625,41.18000030517578,calls,0.026226323263631893
CMCSA230616C00025000,CMCSA,2023-05-18 14:07:11,2023-06-16,25.0,15.5,16.25,16.4,16.325,1.0,68.0,1.0078174609375,41.18000030517578,calls,0.026226323263631893
CMCSA230616C00027500,CMCSA,2023-02-02 15:36:14,2023-06-16,27.5,13.52,9.95,10.15,10.05,276.0,451.0,1.0000000000000003e-05,41.18000030517578,calls,0.026226323263631893
CMCSA230616C00030000,CMCSA,2023-05-17 13:35:47,2023-06-16,30.0,10.1,11.25,11.4,11.325,3.0,1979.0,0.6875031250000001,41.18000030517578,calls,0.026226323263631893
CMCSA230616C00032500,CMCSA,2023-05-15 16:06:37,2023-06-16,32.5,7.87,8.8,9.05,8.925,5.0,4216.0,0.6113320117187502,41.18000030517578,calls,0.026226323263631893
CMCSA230616C00035000,CMCSA,2023-05-19 17:32:37,2023-06-16,35.0,6.4,6.35,6.5,6.425,1.0,4139.0,0.49609878906250005,41.18000030517578,calls,0.026226323263631893
CMCSA230616C00037500,CMCSA,2023-05-19 19:59:40,2023-06-16,37.5,4.02,3.95,4.05,4.0,2.0,11921.0,0.3549869189453124,41.18000030517578,calls,0.026226323263631893
CMCSA230616C00040000,CMCSA,2023-05-19 18:35:51,2023-06-16,40.0,1.79,1.81,1.89,1.85,187.0,37622.0,0.2651440673828125,41.18000030517578,calls,0.026226323263631893
CMCSA230616C00042500,CMCSA,2023-05-19 19:59:38,2023-06-16,42.5,0.43,0.42,0.45,0.435,2272.0,33345.0,0.20606262695312497,41.18000030517578,calls,0.026226323263631893
CMCSA230616C00045000,CMCSA,2023-05-19 18:22:02,2023-06-16,45.0,0.06,0.05,0.08,0.065,19.0,50183.0,0.21289849609375,41.18000030517578,calls,0.026226323263631893
CMCSA230616P00030000,CMCSA,2023-05-19 19:52:13,2023-06-16,30.0,0.02,0.01,0.04,0.025,195.0,20021.0,0.5117236328125,41.18000030517578,puts,0.026226323263631893
CMCSA230616P00032500,CMCSA,2023-05-19 18:30:12,2023-06-16,32.5,0.04,0.02,0.05,0.035,1.0,20509.0,0.4414118359375,41.18000030517578,puts,0.026226323263631893
CMCSA230616P00035000,CMCSA,2023-05-19 18:23:32,2023-06-16,35.0,0.06,0.05,0.08,0.065,261.0,19501.0,0.35156898437499995,41.18000030517578,puts,0.026226323263631893
CMCSA230616P00037500,CMCSA,2023-05-19 19:59:21,2023-06-16,37.5,0.16,0.14,0.16,0.15000000000000002,849.0,18405.0,0.27149166015625,41.18000030517578,puts,0.026226323263631893
CMCSA230616P00040000,CMCSA,2023-05-19 19:25:13,2023-06-16,40.0,0.5,0.47,0.51,0.49,339.0,13202.0,0.21680470703125,41.18000030517578,puts,0.026226323263631893
CMCSA230616P00042500,CMCSA,2023-05-19 18:55:41,2023-06-16,42.5,1.58,1.55,1.65,1.6,164.0,5132.0,0.17627776855468752,41.18000030517578,puts,0.026226323263631893
CMCSA230616P00045000,CMCSA,2023-05-17 18:12:13,2023-06-16,45.0,4.65,3.75,3.85,3.8,3.0,1433.0,0.1757894921875,41.18000030517578,puts,0.026226323263631893
CMCSA230616P00047500,CMCSA,2023-04-28 18:05:24,2023-06-16,47.5,6.15,6.25,6.35,6.3,6.0,0.0,0.257819921875,41.18000030517578,puts,0.026226323263631893
CMCSA230616P00050000,CMCSA,2023-04-18 16:38:35,2023-06-16,50.0,11.7,9.05,9.15,9.100000000000001,4.0,2.0,0.516606396484375,41.18000030517578,puts,0.026226323263631893
CMCSA230616P00052500,CMCSA,2022-10-04 17:55:12,2023-06-16,52.5,21.7,21.75,22.4,22.075,2.0,3000.0,3.1054709863281245,41.18000030517578,puts,0.026226323263631893
CMCSA230616P00055000,CMCSA,2022-11-08 20:45:05,2023-06-16,55.0,23.0,20.05,20.25,20.15,10610.0,4000.0,2.2719769763183595,41.18000030517578,puts,0.026226323263631893
CMCSA230616P00057500,CMCSA,2022-10-05 19:02:02,2023-06-16,57.5,26.65,26.25,26.75,26.5,14384.0,0.0,3.220705073242187,41.18000030517578,puts,0.026226323263631893
CMCSA230616P00060000,CMCSA,2022-04-07 19:04:27,2023-06-16,60.0,13.68,20.15,20.8,20.475,2.0,22.0,1.369143779296875,41.18000030517578,puts,0.026226323263631893
CMCSA230616P00062500,CMCSA,2021-11-10 11:47:21,2023-06-16,62.5,8.83,14.5,18.8,16.65,20.0,20.0,1.0000000000000003e-05,41.18000030517578,puts,0.026226323263631893
CMCSA230616P00065000,CMCSA,2022-10-21 16:38:24,2023-06-16,65.0,34.75,30.2,30.65,30.424999999999997,10.0,0.0,2.7470734448242187,41.18000030517578,puts,0.026226323263631893
CMCSA230616P00070000,CMCSA,2022-06-16 18:59:52,2023-06-16,70.0,32.62,28.9,29.4,29.15,40.0,0.0,1.1259809326171877,41.18000030517578,puts,0.026226323263631893
CMCSA230616P00075000,CMCSA,2022-03-23 14:53:41,2023-06-16,75.0,28.31,28.05,29.3,28.675,1.0,7.0,1.0000000000000003e-05,41.18000030517578,puts,0.026226323263631893
CMCSA230616P00080000,CMCSA,2021-11-10 11:47:21,2023-06-16,80.0,27.95,30.3,34.7,32.5,11.0,11.0,1.0000000000000003e-05,41.18000030517578,puts,0.026226323263631893
CMCSA230616P00085000,CMCSA,2021-11-10 11:47:21,2023-06-16,85.0,28.9,35.55,40.45,38.0,13.0,16.0,1.0000000000000003e-05,41.18000030517578,puts,0.026226323263631893
CMCSA230623C00033000,CMCSA,2023-05-12 13:30:07,2023-06-23,33.0,7.68,8.3,8.6,8.45,0.0,1.0,0.534184345703125,41.18000030517578,calls,0.026226323263631893
CMCSA230623C00034000,CMCSA,2023-05-05 14:26:45,2023-06-23,34.0,6.38,7.35,7.6,7.475,7.0,7.0,0.543949873046875,41.18000030517578,calls,0.026226323263631893
CMCSA230623C00038000,CMCSA,2023-05-18 14:13:27,2023-06-23,38.0,2.87,3.55,3.75,3.65,1.0,10.0,0.344733115234375,41.18000030517578,calls,0.026226323263631893
CMCSA230623C00039000,CMCSA,2023-05-17 13:53:23,2023-06-23,39.0,1.78,2.69,2.87,2.7800000000000002,1.0,17.0,0.30713583496093744,41.18000030517578,calls,0.026226323263631893
CMCSA230623C00040000,CMCSA,2023-05-18 14:04:07,2023-06-23,40.0,1.36,1.87,2.04,1.955,1.0,17.0,0.2695385546875,41.18000030517578,calls,0.026226323263631893
CMCSA230623C00041000,CMCSA,2023-05-19 17:20:27,2023-06-23,41.0,1.3,1.24,1.34,1.29,5.0,55.0,0.24243921630859372,41.18000030517578,calls,0.026226323263631893
CMCSA230623C00042000,CMCSA,2023-05-19 18:36:55,2023-06-23,42.0,0.73,0.72,0.83,0.7749999999999999,9.0,1420.0,0.229499892578125,41.18000030517578,calls,0.026226323263631893
CMCSA230623C00043000,CMCSA,2023-05-19 15:25:39,2023-06-23,43.0,0.43,0.35,0.46,0.405,18.0,22.0,0.21778125976562498,41.18000030517578,calls,0.026226323263631893
CMCSA230623C00044000,CMCSA,2023-05-19 17:20:27,2023-06-23,44.0,0.2,0.16,0.23,0.195,9.0,8.0,0.20948056152343747,41.18000030517578,calls,0.026226323263631893
CMCSA230623C00046000,CMCSA,2023-05-09 18:02:40,2023-06-23,46.0,0.04,0.01,0.08,0.045,0.0,65.0,0.22657023437499998,41.18000030517578,calls,0.026226323263631893
CMCSA230623P00035000,CMCSA,2023-05-09 19:36:37,2023-06-23,35.0,0.22,0.06,0.17,0.115,0.0,6.0,0.37500625,41.18000030517578,puts,0.026226323263631893
CMCSA230623P00037000,CMCSA,2023-05-19 19:28:41,2023-06-23,37.0,0.17,0.14,0.18,0.16,1.0,5.0,0.27735097656249996,41.18000030517578,puts,0.026226323263631893
CMCSA230623P00038000,CMCSA,2023-05-18 19:41:46,2023-06-23,38.0,0.25,0.22,0.29,0.255,8.0,25.0,0.26416751464843746,41.18000030517578,puts,0.026226323263631893
CMCSA230623P00039000,CMCSA,2023-05-19 18:34:48,2023-06-23,39.0,0.39,0.34,0.42,0.38,1.0,17.0,0.241218525390625,41.18000030517578,puts,0.026226323263631893
CMCSA230623P00040000,CMCSA,2023-05-18 16:19:23,2023-06-23,40.0,0.69,0.54,0.63,0.585,2.0,28.0,0.22071091796874998,41.18000030517578,puts,0.026226323263631893
CMCSA230630C00039000,CMCSA,2023-05-12 18:39:43,2023-06-30,39.0,2.18,2.79,3.0,2.895,0.0,1.0,0.30811238769531246,41.18000030517578,calls,0.026226323263631893
CMCSA230630C00040000,CMCSA,2023-05-18 14:00:44,2023-06-30,40.0,1.47,2.03,2.19,2.11,1.0,11.0,0.2749095947265625,41.18000030517578,calls,0.026226323263631893
CMCSA230630C00041000,CMCSA,2023-05-19 13:43:45,2023-06-30,41.0,1.4,1.39,1.5,1.4449999999999998,2.0,24.0,0.25025163818359375,41.18000030517578,calls,0.026226323263631893
CMCSA230630C00043000,CMCSA,2023-05-19 18:04:14,2023-06-30,43.0,0.47,0.45,0.57,0.51,50.0,7.0,0.22217574707031246,41.18000030517578,calls,0.026226323263631893
CMCSA230630P00037000,CMCSA,2023-05-16 16:38:29,2023-06-30,37.0,0.37,0.19,0.27,0.23,3.0,4.0,0.2866282275390625,41.18000030517578,puts,0.026226323263631893
CMCSA230630P00038000,CMCSA,2023-05-17 15:22:58,2023-06-30,38.0,0.27,0.28,0.36,0.32,1.0,4.0,0.2617261328125,41.18000030517578,puts,0.026226323263631893
CMCSA230721C00017500,CMCSA,2023-01-04 16:36:11,2023-07-21,17.5,19.55,22.5,22.75,22.625,1.0,1.0,1.0000000000000003e-05,41.18000030517578,calls,0.026226323263631893
CMCSA230721C00020000,CMCSA,2022-12-21 16:44:18,2023-07-21,20.0,15.38,18.7,18.9,18.799999999999997,1.0,1.0,1.0000000000000003e-05,41.18000030517578,calls,0.026226323263631893
CMCSA230721C00025000,CMCSA,2023-03-31 14:58:50,2023-07-21,25.0,12.64,16.55,16.7,16.625,1.0,2.0,0.866212275390625,41.18000030517578,calls,0.026226323263631893
CMCSA230721C00027500,CMCSA,2023-04-25 13:34:45,2023-07-21,27.5,9.93,13.8,13.95,13.875,10.0,16.0,0.6015664843750002,41.18000030517578,calls,0.026226323263631893
CMCSA230721C00030000,CMCSA,2023-05-19 13:59:36,2023-07-21,30.0,11.25,11.35,11.5,11.425,1.0,7422.0,0.5185595019531251,41.18000030517578,calls,0.026226323263631893
CMCSA230721C00032500,CMCSA,2023-05-16 14:11:03,2023-07-21,32.5,7.5,8.9,9.1,9.0,1.0,53.0,0.476567734375,41.18000030517578,calls,0.026226323263631893
CMCSA230721C00035000,CMCSA,2023-05-18 15:21:21,2023-07-21,35.0,6.7,6.5,6.65,6.575,1.0,3047.0,0.37695935546875,41.18000030517578,calls,0.026226323263631893
CMCSA230721C00037500,CMCSA,2023-05-19 15:00:11,2023-07-21,37.5,4.49,4.2,4.35,4.275,4.0,17692.0,0.3034737622070312,41.18000030517578,calls,0.026226323263631893
CMCSA230721C00040000,CMCSA,2023-05-19 18:39:48,2023-07-21,40.0,2.25,2.29,2.32,2.3049999999999997,42.0,15016.0,0.24536887451171874,41.18000030517578,calls,0.026226323263631893
CMCSA230721C00042500,CMCSA,2023-05-19 19:16:29,2023-07-21,42.5,0.9,0.9,0.93,0.915,689.0,13390.0,0.21436332519531248,41.18000030517578,calls,0.026226323263631893
CMCSA230721C00045000,CMCSA,2023-05-19 18:52:51,2023-07-21,45.0,0.25,0.23,0.29,0.26,73.0,5359.0,0.20508607421874997,41.18000030517578,calls,0.026226323263631893
CMCSA230721C00047500,CMCSA,2023-05-17 19:46:04,2023-07-21,47.5,0.02,0.04,0.09,0.065,6.0,932.0,0.21192194335937498,41.18000030517578,calls,0.026226323263631893
CMCSA230721C00050000,CMCSA,2023-05-18 15:21:21,2023-07-21,50.0,0.01,0.01,0.04,0.025,1.0,2606.0,0.23438265625,41.18000030517578,calls,0.026226323263631893
CMCSA230721P00020000,CMCSA,2023-04-10 19:02:17,2023-07-21,20.0,0.05,0.01,0.03,0.02,50.0,385.0,0.70312796875,41.18000030517578,puts,0.026226323263631893
CMCSA230721P00027500,CMCSA,2023-05-04 13:45:29,2023-07-21,27.5,0.07,0.03,0.05,0.04,1.0,666.0,0.4726615234375,41.18000030517578,puts,0.026226323263631893
CMCSA230721P00030000,CMCSA,2023-05-12 18:53:44,2023-07-21,30.0,0.11,0.02,0.09,0.055,10.0,873.0,0.42188078125,41.18000030517578,puts,0.026226323263631893
CMCSA230721P00032500,CMCSA,2023-05-18 16:27:16,2023-07-21,32.5,0.13,0.08,0.13,0.10500000000000001,5.0,13008.0,0.35547519531249994,41.18000030517578,puts,0.026226323263631893
CMCSA230721P00035000,CMCSA,2023-05-19 19:15:56,2023-07-21,35.0,0.23,0.2,0.24,0.22,41.0,5183.0,0.30762411132812495,41.18000030517578,puts,0.026226323263631893
CMCSA230721P00037500,CMCSA,2023-05-19 19:45:22,2023-07-21,37.5,0.44,0.42,0.49,0.45499999999999996,36.0,16128.0,0.2661206201171875,41.18000030517578,puts,0.026226323263631893
CMCSA230721P00040000,CMCSA,2023-05-19 18:49:55,2023-07-21,40.0,1.02,1.0,1.03,1.0150000000000001,9.0,8612.0,0.22852333984375,41.18000030517578,puts,0.026226323263631893
CMCSA230721P00042500,CMCSA,2023-05-19 18:32:37,2023-07-21,42.5,2.24,2.12,2.17,2.145,131.0,1337.0,0.2024005541992187,41.18000030517578,puts,0.026226323263631893
CMCSA230721P00045000,CMCSA,2023-05-19 15:33:21,2023-07-21,45.0,3.85,3.85,4.1,3.9749999999999996,2.0,38.0,0.20313296874999998,41.18000030517578,puts,0.026226323263631893
CMCSA230721P00047500,CMCSA,2023-03-08 16:02:36,2023-07-21,47.5,11.4,9.7,9.95,9.825,1.0,0.0,0.8369156933593749,41.18000030517578,puts,0.026226323263631893
CMCSA230721P00050000,CMCSA,2023-05-16 13:42:27,2023-07-21,50.0,9.9,8.75,8.85,8.8,1.0,1.0,0.22461712890624996,41.18000030517578,puts,0.026226323263631893
CMCSA231020C00020000,CMCSA,2023-04-25 14:29:24,2023-10-20,20.0,17.19,21.25,21.45,21.35,1.0,2.0,0.6210975390625001,41.18000030517578,calls,0.026226323263631893
CMCSA231020C00025000,CMCSA,2023-04-27 14:01:36,2023-10-20,25.0,13.85,16.35,16.65,16.5,0.0,1.0,0.5136767382812499,41.18000030517578,calls,0.026226323263631893
CMCSA231020C00030000,CMCSA,2023-05-05 14:13:32,2023-10-20,30.0,10.8,11.6,11.9,11.75,1.0,10.0,0.44775942871093743,41.18000030517578,calls,0.026226323263631893
CMCSA231020C00032500,CMCSA,2023-05-19 15:56:52,2023-10-20,32.5,9.46,9.4,9.6,9.5,1.0,15.0,0.3969786865234375,41.18000030517578,calls,0.026226323263631893
CMCSA231020C00035000,CMCSA,2023-05-18 16:18:05,2023-10-20,35.0,7.35,7.25,7.35,7.3,1.0,254.0,0.3452213916015625,41.18000030517578,calls,0.026226323263631893
CMCSA231020C00037500,CMCSA,2023-05-18 16:29:28,2023-10-20,37.5,5.0,5.25,5.35,5.3,9.0,1491.0,0.3112861840820312,41.18000030517578,calls,0.026226323263631893
CMCSA231020C00040000,CMCSA,2023-05-19 18:18:51,2023-10-20,40.0,3.45,3.5,3.6,3.55,2.0,2437.0,0.2819896020507812,41.18000030517578,calls,0.026226323263631893
CMCSA231020C00042500,CMCSA,2023-05-19 19:43:44,2023-10-20,42.5,2.17,2.09,2.24,2.165,161.0,4516.0,0.2624585473632813,41.18000030517578,calls,0.026226323263631893
CMCSA231020C00045000,CMCSA,2023-05-19 19:34:50,2023-10-20,45.0,1.23,1.14,1.25,1.1949999999999998,649.0,2574.0,0.2456130126953125,41.18000030517578,calls,0.026226323263631893
CMCSA231020C00047500,CMCSA,2023-05-19 19:32:45,2023-10-20,47.5,0.6,0.58,0.64,0.61,31.0,817.0,0.2348709326171875,41.18000030517578,calls,0.026226323263631893
CMCSA231020C00050000,CMCSA,2023-05-19 18:34:36,2023-10-20,50.0,0.28,0.27,0.33,0.30000000000000004,38.0,136.0,0.233406103515625,41.18000030517578,calls,0.026226323263631893
CMCSA231020C00055000,CMCSA,2023-05-17 16:55:17,2023-10-20,55.0,0.08,0.06,0.09,0.075,30.0,191.0,0.23828886718749998,41.18000030517578,calls,0.026226323263631893
CMCSA231020P00020000,CMCSA,2023-05-01 13:36:37,2023-10-20,20.0,0.04,0.01,0.09,0.049999999999999996,140.0,334.0,0.5117236328125,41.18000030517578,puts,0.026226323263631893
CMCSA231020P00022500,CMCSA,2023-04-24 15:40:00,2023-10-20,22.5,0.18,0.03,0.09,0.06,3.0,189.0,0.47461462890625,41.18000030517578,puts,0.026226323263631893
CMCSA231020P00025000,CMCSA,2023-05-01 13:30:05,2023-10-20,25.0,0.08,0.07,0.17,0.12000000000000001,2.0,145.0,0.450200810546875,41.18000030517578,puts,0.026226323263631893
CMCSA231020P00027500,CMCSA,2023-05-16 13:30:01,2023-10-20,27.5,0.25,0.09,0.26,0.175,7.0,271.0,0.41211525390625,41.18000030517578,puts,0.026226323263631893
CMCSA231020P00030000,CMCSA,2023-05-19 18:19:32,2023-10-20,30.0,0.33,0.29,0.34,0.315,101.0,1419.0,0.36133451171875,41.18000030517578,puts,0.026226323263631893
CMCSA231020P00032500,CMCSA,2023-05-19 14:17:15,2023-10-20,32.5,0.48,0.47,0.53,0.5,10.0,1590.0,0.3286199951171874,41.18000030517578,puts,0.026226323263631893
CMCSA231020P00035000,CMCSA,2023-05-19 16:59:15,2023-10-20,35.0,0.77,0.75,0.84,0.7949999999999999,25.0,3116.0,0.299811689453125,41.18000030517578,puts,0.026226323263631893
CMCSA231020P00037500,CMCSA,2023-05-19 19:34:50,2023-10-20,37.5,1.34,1.22,1.31,1.2650000000000001,646.0,3675.0,0.27149166015625,41.18000030517578,puts,0.026226323263631893
CMCSA231020P00040000,CMCSA,2023-05-19 18:51:37,2023-10-20,40.0,2.05,1.94,2.06,2.0,198.0,1367.0,0.2475661181640625,41.18000030517578,puts,0.026226323263631893
CMCSA231020P00042500,CMCSA,2023-05-19 17:07:03,2023-10-20,42.5,3.05,3.0,3.2,3.1,6.0,782.0,0.22876747802734376,41.18000030517578,puts,0.026226323263631893
CMCSA231020P00045000,CMCSA,2023-05-11 19:51:14,2023-10-20,45.0,5.35,4.55,4.75,4.65,1.0,31.0,0.21167780517578122,41.18000030517578,puts,0.026226323263631893
CMCSA231020P00047500,CMCSA,2023-05-11 15:54:04,2023-10-20,47.5,7.28,6.45,6.75,6.6,2.0,4.0,0.20508607421874997,41.18000030517578,puts,0.026226323263631893
CMCSA231020P00050000,CMCSA,2023-05-04 14:11:15,2023-10-20,50.0,9.82,8.7,9.1,8.899999999999999,4.0,2.0,0.2238847143554687,41.18000030517578,puts,0.026226323263631893
CMCSA231020P00055000,CMCSA,2023-03-10 18:31:37,2023-10-20,55.0,20.07,17.25,17.45,17.35,0.0,1.0,0.7121610815429689,41.18000030517578,puts,0.026226323263631893
CMCSA240119C00015000,CMCSA,2023-03-15 16:05:03,2024-01-19,15.0,20.55,23.0,23.35,23.175,1.0,1.0,1.0000000000000003e-05,41.18000030517578,calls,0.026226323263631893
CMCSA240119C00017500,CMCSA,2023-04-13 19:32:48,2024-01-19,17.5,20.9,22.8,22.95,22.875,2.0,28.0,1.0000000000000003e-05,41.18000030517578,calls,0.026226323263631893
CMCSA240119C00020000,CMCSA,2023-03-24 15:01:29,2024-01-19,20.0,15.95,17.95,18.2,18.075,2.0,18.0,1.0000000000000003e-05,41.18000030517578,calls,0.026226323263631893
CMCSA240119C00022500,CMCSA,2023-04-06 19:11:40,2024-01-19,22.5,15.65,18.15,18.45,18.299999999999997,2.0,19.0,1.0000000000000003e-05,41.18000030517578,calls,0.026226323263631893
CMCSA240119C00025000,CMCSA,2023-05-04 18:02:48,2024-01-19,25.0,15.7,16.5,16.8,16.65,2.0,159.0,0.4819387744140625,41.18000030517578,calls,0.026226323263631893
CMCSA240119C00027500,CMCSA,2023-03-08 17:42:55,2024-01-19,27.5,9.87,11.15,11.35,11.25,3.0,169.0,1.0000000000000003e-05,41.18000030517578,calls,0.026226323263631893
CMCSA240119C00030000,CMCSA,2023-05-18 19:50:12,2024-01-19,30.0,12.05,12.0,12.25,12.125,15.0,2744.0,0.4067442138671875,41.18000030517578,calls,0.026226323263631893
CMCSA240119C00032500,CMCSA,2023-05-15 14:24:59,2024-01-19,32.5,9.11,9.9,10.2,10.05,3.0,2627.0,0.3859924682617187,41.18000030517578,calls,0.026226323263631893
CMCSA240119C00035000,CMCSA,2023-05-18 19:15:15,2024-01-19,35.0,7.75,7.85,8.05,7.95,10.0,8959.0,0.3437565625,41.18000030517578,calls,0.026226323263631893
CMCSA240119C00037500,CMCSA,2023-05-19 16:45:13,2024-01-19,37.5,6.05,6.0,6.15,6.075,16.0,2438.0,0.3150703259277343,41.18000030517578,calls,0.026226323263631893
CMCSA240119C00040000,CMCSA,2023-05-19 19:59:40,2024-01-19,40.0,4.42,4.35,4.5,4.425,2.0,14475.0,0.2926096130371093,41.18000030517578,calls,0.026226323263631893
CMCSA240119C00042500,CMCSA,2023-05-19 14:58:12,2024-01-19,42.5,3.14,2.97,3.15,3.06,1.0,4690.0,0.2758861474609374,41.18000030517578,calls,0.026226323263631893
CMCSA240119C00045000,CMCSA,2023-05-19 19:19:39,2024-01-19,45.0,1.95,1.96,2.06,2.01,38.0,20517.0,0.25977302734375,41.18000030517578,calls,0.026226323263631893
CMCSA240119C00047500,CMCSA,2023-05-19 15:39:35,2024-01-19,47.5,1.28,1.22,1.31,1.2650000000000001,1.0,6942.0,0.25061784545898436,41.18000030517578,calls,0.026226323263631893
CMCSA240119C00050000,CMCSA,2023-05-19 19:05:17,2024-01-19,50.0,0.75,0.66,0.79,0.7250000000000001,7.0,17366.0,0.24268335449218748,41.18000030517578,calls,0.026226323263631893
CMCSA240119C00052500,CMCSA,2023-05-19 15:22:23,2024-01-19,52.5,0.43,0.41,0.47,0.43999999999999995,10.0,2017.0,0.2387771435546875,41.18000030517578,calls,0.026226323263631893
CMCSA240119C00055000,CMCSA,2023-05-17 13:42:00,2024-01-19,55.0,0.17,0.23,0.28,0.255,3.0,3066.0,0.23731231445312498,41.18000030517578,calls,0.026226323263631893
CMCSA240119C00057500,CMCSA,2023-05-08 15:31:22,2024-01-19,57.5,0.17,0.14,0.17,0.15500000000000003,5.0,708.0,0.23828886718749998,41.18000030517578,calls,0.026226323263631893
CMCSA240119C00060000,CMCSA,2023-05-11 19:45:23,2024-01-19,60.0,0.07,0.04,0.15,0.095,1.0,15338.0,0.2553785400390626,41.18000030517578,calls,0.026226323263631893
CMCSA240119C00062500,CMCSA,2023-05-17 13:42:00,2024-01-19,62.5,0.08,0.03,0.11,0.07,3.0,443.0,0.26270268554687504,41.18000030517578,calls,0.026226323263631893
CMCSA240119C00065000,CMCSA,2023-05-05 16:16:34,2024-01-19,65.0,0.05,0.02,0.08,0.05,40.0,480.0,0.26856200195312496,41.18000030517578,calls,0.026226323263631893
CMCSA240119C00067500,CMCSA,2023-03-06 19:02:58,2024-01-19,67.5,0.06,0.04,0.06,0.05,2.0,75.0,0.27539787109374997,41.18000030517578,calls,0.026226323263631893
CMCSA240119C00070000,CMCSA,2023-05-18 19:15:59,2024-01-19,70.0,0.03,0.01,0.05,0.030000000000000002,5.0,352.0,0.28516339843749994,41.18000030517578,calls,0.026226323263631893
CMCSA240119C00075000,CMCSA,2023-03-21 13:48:45,2024-01-19,75.0,0.04,0.03,0.04,0.035,1.0,177.0,0.30664755859375,41.18000030517578,calls,0.026226323263631893
CMCSA240119C00080000,CMCSA,2023-02-17 15:22:02,2024-01-19,80.0,0.03,0.02,0.04,0.03,71.0,165.0,0.33399103515625,41.18000030517578,calls,0.026226323263631893
CMCSA240119C00085000,CMCSA,2023-03-30 13:30:08,2024-01-19,85.0,0.03,0.01,0.03,0.02,16.0,359.0,0.34766277343749996,41.18000030517578,calls,0.026226323263631893
CMCSA240119P00015000,CMCSA,2023-05-16 19:50:28,2024-01-19,15.0,0.06,0.03,0.06,0.045,51.0,1207.0,0.5449264257812501,41.18000030517578,puts,0.026226323263631893
CMCSA240119P00017500,CMCSA,2023-05-08 13:58:28,2024-01-19,17.5,0.08,0.05,0.09,0.07,54.0,574.0,0.51562984375,41.18000030517578,puts,0.026226323263631893
CMCSA240119P00020000,CMCSA,2023-05-19 13:30:03,2024-01-19,20.0,0.14,0.08,0.19,0.135,8.0,643.0,0.5039112109375,41.18000030517578,puts,0.026226323263631893
CMCSA240119P00022500,CMCSA,2023-05-18 19:37:50,2024-01-19,22.5,0.21,0.09,0.41,0.25,200.0,1144.0,0.507817421875,41.18000030517578,puts,0.026226323263631893
CMCSA240119P00025000,CMCSA,2023-05-19 18:38:53,2024-01-19,25.0,0.27,0.25,0.34,0.29500000000000004,3.0,6384.0,0.414068359375,41.18000030517578,puts,0.026226323263631893
CMCSA240119P00027500,CMCSA,2023-05-19 17:41:34,2024-01-19,27.5,0.41,0.39,0.44,0.41500000000000004,9.0,4314.0,0.3715883154296875,41.18000030517578,puts,0.026226323263631893
CMCSA240119P00030000,CMCSA,2023-05-18 19:49:19,2024-01-19,30.0,0.6,0.57,0.63,0.6,6.0,8152.0,0.34107104248046877,41.18000030517578,puts,0.026226323263631893
CMCSA240119P00032500,CMCSA,2023-05-18 19:51:21,2024-01-19,32.5,0.86,0.84,0.9,0.87,8.0,3484.0,0.31250687499999996,41.18000030517578,puts,0.026226323263631893
CMCSA240119P00035000,CMCSA,2023-05-18 19:40:26,2024-01-19,35.0,1.28,1.23,1.3,1.2650000000000001,40.0,12539.0,0.2876047802734374,41.18000030517578,puts,0.026226323263631893
CMCSA240119P00037500,CMCSA,2023-05-19 16:55:31,2024-01-19,37.5,1.8,1.81,1.87,1.84,2.0,3270.0,0.2644116528320312,41.18000030517578,puts,0.026226323263631893
CMCSA240119P00040000,CMCSA,2023-05-19 15:52:44,2024-01-19,40.0,2.6,2.61,2.69,2.65,27.0,3953.0,0.24463645996093752,41.18000030517578,puts,0.026226323263631893
CMCSA240119P00042500,CMCSA,2023-05-19 17:47:09,2024-01-19,42.5,3.75,3.7,3.85,3.7750000000000004,11.0,1648.0,0.23011023803710937,41.18000030517578,puts,0.026226323263631893
CMCSA240119P00045000,CMCSA,2023-05-18 17:34:43,2024-01-19,45.0,5.29,5.05,5.3,5.175,19.0,666.0,0.21411918701171873,41.18000030517578,puts,0.026226323263631893
CMCSA240119P00047500,CMCSA,2023-05-12 15:04:09,2024-01-19,47.5,7.68,6.85,7.05,6.949999999999999,3.0,250.0,0.196297099609375,41.18000030517578,puts,0.026226323263631893
CMCSA240119P00050000,CMCSA,2023-05-18 16:22:24,2024-01-19,50.0,9.35,8.9,9.25,9.075,200.0,5240.0,0.19995917236328126,41.18000030517578,puts,0.026226323263631893
CMCSA240119P00052500,CMCSA,2022-12-12 19:25:10,2024-01-19,52.5,16.41,14.45,14.9,14.675,20.0,15.0,0.5105029418945313,41.18000030517578,puts,0.026226323263631893
CMCSA240119P00055000,CMCSA,2023-05-16 14:56:59,2024-01-19,55.0,15.2,13.6,14.0,13.8,1.0,1.0,0.21631643066406248,41.18000030517578,puts,0.026226323263631893
CMCSA240119P00057500,CMCSA,2022-08-11 15:03:41,2024-01-19,57.5,18.28,22.05,22.5,22.275,10.0,6.0,0.7915059912109376,41.18000030517578,puts,0.026226323263631893
CMCSA240119P00060000,CMCSA,2023-01-04 18:15:19,2024-01-19,60.0,23.45,19.85,20.2,20.025,3.0,2.0,0.4419001123046875,41.18000030517578,puts,0.026226323263631893
CMCSA240119P00062500,CMCSA,2022-06-03 18:27:14,2024-01-19,62.5,19.95,22.45,22.75,22.6,1.0,10.0,0.4762015270996094,41.18000030517578,puts,0.026226323263631893
CMCSA240119P00065000,CMCSA,2022-08-22 15:31:29,2024-01-19,65.0,27.05,31.2,31.6,31.4,10.0,11.0,1.0168506188964845,41.18000030517578,puts,0.026226323263631893
CMCSA240119P00067500,CMCSA,2022-05-31 13:37:04,2024-01-19,67.5,24.41,28.75,29.4,29.075,0.0,1.0,0.6613803393554689,41.18000030517578,puts,0.026226323263631893
CMCSA240119P00070000,CMCSA,2023-04-06 14:03:33,2024-01-19,70.0,32.25,29.4,29.8,29.6,12.0,0.0,0.4973194799804688,41.18000030517578,puts,0.026226323263631893
CMCSA240119P00075000,CMCSA,2021-11-10 11:47:23,2024-01-19,75.0,22.0,26.25,30.25,28.25,0.0,20.0,1.0000000000000003e-05,41.18000030517578,puts,0.026226323263631893
CMCSA240119P00085000,CMCSA,2022-05-17 18:25:46,2024-01-19,85.0,42.5,47.0,47.8,47.4,2.0,0.0,0.8969736865234373,41.18000030517578,puts,0.026226323263631893
CMCSA240119P00090000,CMCSA,2022-08-24 13:41:25,2024-01-19,90.0,52.85,57.25,58.6,57.925,1.0,0.0,1.3761017523193357,41.18000030517578,puts,0.026226323263631893
CMCSA240621C00022500,CMCSA,2023-05-02 15:19:06,2024-06-21,22.5,18.8,19.0,19.3,19.15,1.0,5.0,0.4414118359375,41.18000030517578,calls,0.026226323263631893
CMCSA240621C00025000,CMCSA,2023-03-13 14:42:21,2024-06-21,25.0,11.5,13.55,13.85,13.7,0.0,1.0,1.0000000000000003e-05,41.18000030517578,calls,0.026226323263631893
CMCSA240621C00030000,CMCSA,2023-05-09 18:06:10,2024-06-21,30.0,11.45,12.5,12.75,12.625,15.0,21.0,0.3698793481445312,41.18000030517578,calls,0.026226323263631893
CMCSA240621C00032500,CMCSA,2023-04-28 16:42:16,2024-06-21,32.5,10.86,10.5,10.95,10.725,5.0,5.0,0.3654848608398438,41.18000030517578,calls,0.026226323263631893
CMCSA240621C00035000,CMCSA,2023-05-18 14:44:46,2024-06-21,35.0,8.25,8.65,9.05,8.850000000000001,28.0,110.0,0.34229173339843744,41.18000030517578,calls,0.026226323263631893
CMCSA240621C00037500,CMCSA,2023-05-19 18:50:38,2024-06-21,37.5,7.0,7.0,7.2,7.1,146.0,72.0,0.3150703259277343,41.18000030517578,calls,0.026226323263631893
CMCSA240621C00040000,CMCSA,2023-05-16 15:29:55,2024-06-21,40.0,4.68,5.4,5.75,5.575,5.0,305.0,0.3043282458496094,41.18000030517578,calls,0.026226323263631893
CMCSA240621C00042500,CMCSA,2023-05-18 13:42:56,2024-06-21,42.5,3.75,4.15,4.3,4.225,1.0,632.0,0.28321029296874994,41.18000030517578,calls,0.026226323263631893
CMCSA240621C00045000,CMCSA,2023-05-19 14:54:03,2024-06-21,45.0,3.2,3.05,3.2,3.125,11.0,1308.0,0.2718578674316406,41.18000030517578,calls,0.026226323263631893
CMCSA240621C00047500,CMCSA,2023-05-19 14:59:01,2024-06-21,47.5,2.36,2.11,2.37,2.24,2.0,2246.0,0.2655102746582031,41.18000030517578,calls,0.026226323263631893
CMCSA240621C00050000,CMCSA,2023-05-19 14:18:47,2024-06-21,50.0,1.58,1.45,1.66,1.555,3.0,169.0,0.2559888854980469,41.18000030517578,calls,0.026226323263631893
CMCSA240621C00055000,CMCSA,2023-05-19 13:30:02,2024-06-21,55.0,0.77,0.69,0.84,0.7649999999999999,1.0,69.0,0.24988543090820312,41.18000030517578,calls,0.026226323263631893
CMCSA240621C00060000,CMCSA,2023-05-17 19:54:06,2024-06-21,60.0,0.32,0.35,0.43,0.39,7.0,41.0,0.24927508544921873,41.18000030517578,calls,0.026226323263631893
CMCSA240621P00020000,CMCSA,2023-05-04 18:14:46,2024-06-21,20.0,0.31,0.04,0.32,0.18,2.0,218.0,0.43848217773437503,41.18000030517578,puts,0.026226323263631893
CMCSA240621P00022500,CMCSA,2023-04-11 19:06:43,2024-06-21,22.5,0.49,0.33,0.46,0.395,2.0,5.0,0.4094297338867187,41.18000030517578,puts,0.026226323263631893
CMCSA240621P00025000,CMCSA,2023-05-12 19:47:36,2024-06-21,25.0,0.56,0.45,0.52,0.485,2.0,1006.0,0.36084623535156246,41.18000030517578,puts,0.026226323263631893
CMCSA240621P00027500,CMCSA,2023-05-01 13:35:26,2024-06-21,27.5,0.56,0.66,0.76,0.71,1.0,37.0,0.34009448974609374,41.18000030517578,puts,0.026226323263631893
CMCSA240621P00030000,CMCSA,2023-05-03 14:36:01,2024-06-21,30.0,1.06,0.92,1.02,0.97,1000.0,1036.0,0.31372756591796874,41.18000030517578,puts,0.026226323263631893
CMCSA240621P00032500,CMCSA,2023-05-18 18:07:22,2024-06-21,32.5,1.41,1.29,1.41,1.35,294.0,784.0,0.29321995849609367,41.18000030517578,puts,0.026226323263631893
CMCSA240621P00035000,CMCSA,2023-05-18 14:35:00,2024-06-21,35.0,2.0,1.8,1.93,1.865,2.0,551.0,0.2742992492675781,41.18000030517578,puts,0.026226323263631893
CMCSA240621P00037500,CMCSA,2023-05-17 13:57:06,2024-06-21,37.5,2.96,2.48,2.62,2.55,11.0,233.0,0.25708750732421876,41.18000030517578,puts,0.026226323263631893
CMCSA240621P00040000,CMCSA,2023-05-18 17:20:30,2024-06-21,40.0,3.5,3.3,3.5,3.4,9.0,95.0,0.24048611083984373,41.18000030517578,puts,0.026226323263631893
CMCSA240621P00042500,CMCSA,2023-05-18 19:44:40,2024-06-21,42.5,4.55,4.5,4.65,4.575,3.0,64.0,0.22705851074218747,41.18000030517578,puts,0.026226323263631893
CMCSA240621P00045000,CMCSA,2023-05-05 13:45:10,2024-06-21,45.0,6.6,5.7,6.1,5.9,1.0,61.0,0.2172929833984375,41.18000030517578,puts,0.026226323263631893
CMCSA240621P00047500,CMCSA,2023-05-11 14:32:11,2024-06-21,47.5,8.35,7.35,7.65,7.5,1.0,2.0,0.198250205078125,41.18000030517578,puts,0.026226323263631893
CMCSA250117C00015000,CMCSA,2023-01-31 15:38:20,2025-01-17,15.0,24.45,21.8,22.1,21.950000000000003,10.0,11.0,1.0000000000000003e-05,41.18000030517578,calls,0.026226323263631893
CMCSA250117C00017500,CMCSA,2023-04-10 14:50:43,2025-01-17,17.5,21.15,22.3,23.0,22.65,5.0,22.0,1.0000000000000003e-05,41.18000030517578,calls,0.026226323263631893
CMCSA250117C00020000,CMCSA,2023-05-19 15:13:19,2025-01-17,20.0,21.75,21.25,21.95,21.6,4.0,66.0,0.43945873046875,41.18000030517578,calls,0.026226323263631893
CMCSA250117C00022500,CMCSA,2023-03-21 19:35:42,2025-01-17,22.5,15.33,15.8,16.45,16.125,20.0,31.0,1.0000000000000003e-05,41.18000030517578,calls,0.026226323263631893
CMCSA250117C00025000,CMCSA,2023-04-27 14:10:03,2025-01-17,25.0,15.1,16.9,17.7,17.299999999999997,1.0,55.0,0.40698835205078127,41.18000030517578,calls,0.026226323263631893
CMCSA250117C00027500,CMCSA,2023-04-28 16:54:39,2025-01-17,27.5,15.25,14.9,15.5,15.2,1.0,11.0,0.3748841809082031,41.18000030517578,calls,0.026226323263631893
CMCSA250117C00030000,CMCSA,2023-05-18 14:31:21,2025-01-17,30.0,12.6,12.95,13.7,13.325,65.0,630.0,0.3698793481445312,41.18000030517578,calls,0.026226323263631893
CMCSA250117C00032500,CMCSA,2023-05-18 14:02:18,2025-01-17,32.5,10.62,11.15,11.5,11.325,156.0,1166.0,0.3311834460449219,41.18000030517578,calls,0.026226323263631893
CMCSA250117C00035000,CMCSA,2023-05-19 14:16:56,2025-01-17,35.0,9.9,9.45,10.05,9.75,93.0,2201.0,0.33386896606445315,41.18000030517578,calls,0.026226323263631893
CMCSA250117C00037500,CMCSA,2023-05-12 13:43:17,2025-01-17,37.5,7.35,7.7,8.45,8.075,1.0,335.0,0.31995308959960933,41.18000030517578,calls,0.026226323263631893
CMCSA250117C00040000,CMCSA,2023-05-18 19:55:11,2025-01-17,40.0,6.57,6.3,6.95,6.625,2.0,1870.0,0.3048165222167969,41.18000030517578,calls,0.026226323263631893
CMCSA250117C00042500,CMCSA,2023-04-28 15:51:23,2025-01-17,42.5,5.31,5.05,5.75,5.4,5.0,349.0,0.297736514892578,41.18000030517578,calls,0.026226323263631893
CMCSA250117C00045000,CMCSA,2023-05-18 14:11:51,2025-01-17,45.0,3.7,4.0,4.6,4.3,11.0,938.0,0.2863840893554687,41.18000030517578,calls,0.026226323263631893
CMCSA250117C00047500,CMCSA,2023-05-01 18:23:46,2025-01-17,47.5,3.5,3.05,3.6,3.325,16.0,477.0,0.2755199401855468,41.18000030517578,calls,0.026226323263631893
CMCSA250117C00050000,CMCSA,2023-05-19 19:43:58,2025-01-17,50.0,2.51,2.35,2.8,2.575,1.0,6554.0,0.26758544921875,41.18000030517578,calls,0.026226323263631893
CMCSA250117C00055000,CMCSA,2023-05-19 19:43:58,2025-01-17,55.0,1.48,1.25,1.65,1.45,1.0,342.0,0.2563550927734375,41.18000030517578,calls,0.026226323263631893
CMCSA250117C00060000,CMCSA,2023-05-19 15:00:58,2025-01-17,60.0,0.85,0.64,0.85,0.745,2.0,362.0,0.24109645629882812,41.18000030517578,calls,0.026226323263631893
CMCSA250117P00015000,CMCSA,2023-05-08 16:37:21,2025-01-17,15.0,0.26,0.09,0.44,0.265,2.0,35.0,0.5127001855468749,41.18000030517578,puts,0.026226323263631893
CMCSA250117P00017500,CMCSA,2023-04-25 19:59:06,2025-01-17,17.5,0.59,0.15,0.54,0.34500000000000003,3.0,735.0,0.4643608251953125,41.18000030517578,puts,0.026226323263631893
CMCSA250117P00020000,CMCSA,2023-05-02 17:24:37,2025-01-17,20.0,0.5,0.21,0.58,0.39499999999999996,1.0,47.0,0.40820904296875,41.18000030517578,puts,0.026226323263631893
CMCSA250117P00022500,CMCSA,2023-05-01 13:30:13,2025-01-17,22.5,0.6,0.6,0.74,0.6699999999999999,2.0,29.0,0.3754945263671875,41.18000030517578,puts,0.026226323263631893
CMCSA250117P00025000,CMCSA,2023-05-19 13:44:30,2025-01-17,25.0,0.88,0.8,0.97,0.885,6.0,105.0,0.34961587890624996,41.18000030517578,puts,0.026226323263631893
CMCSA250117P00027500,CMCSA,2023-05-01 18:47:21,2025-01-17,27.5,1.01,1.05,1.27,1.1600000000000001,1.0,97.0,0.32691102783203124,41.18000030517578,puts,0.026226323263631893
CMCSA250117P00030000,CMCSA,2023-05-19 19:43:58,2025-01-17,30.0,1.53,1.4,1.65,1.525,1.0,678.0,0.3061592822265625,41.18000030517578,puts,0.026226323263631893
CMCSA250117P00032500,CMCSA,2023-05-11 13:30:18,2025-01-17,32.5,2.29,1.83,2.16,1.995,1.0,677.0,0.2890696093749999,41.18000030517578,puts,0.026226323263631893
CMCSA250117P00035000,CMCSA,2023-05-19 19:43:58,2025-01-17,35.0,2.62,2.49,2.93,2.71,1.0,2573.0,0.28089098022460934,41.18000030517578,puts,0.026226323263631893
CMCSA250117P00037500,CMCSA,2023-05-10 19:04:03,2025-01-17,37.5,3.95,3.2,3.6,3.4000000000000004,5.0,609.0,0.2595899237060547,41.18000030517578,puts,0.026226323263631893
CMCSA250117P00040000,CMCSA,2023-05-16 15:07:13,2025-01-17,40.0,4.8,4.15,4.6,4.375,1.0,3904.0,0.24817646362304688,41.18000030517578,puts,0.026226323263631893
CMCSA250117P00042500,CMCSA,2023-05-12 16:20:07,2025-01-17,42.5,5.82,5.15,5.8,5.475,2.0,729.0,0.23810576354980467,41.18000030517578,puts,0.026226323263631893
CMCSA250117P00045000,CMCSA,2023-05-15 18:00:15,2025-01-17,45.0,7.2,6.35,7.2,6.775,3.0,232.0,0.22901161621093752,41.18000030517578,puts,0.026226323263631893
CMCSA250117P00047500,CMCSA,2023-04-26 14:40:23,2025-01-17,47.5,11.5,7.85,8.4,8.125,2.0,40.0,0.2005695178222656,41.18000030517578,puts,0.026226323263631893
CMCSA250117P00050000,CMCSA,2023-05-16 14:01:40,2025-01-17,50.0,11.0,9.6,10.15,9.875,5.0,46.0,0.18885088500976563,41.18000030517578,puts,0.026226323263631893
CMCSA250117P00055000,CMCSA,2023-04-27 13:32:38,2025-01-17,55.0,16.95,13.7,14.35,14.024999999999999,1.0,1.0,0.17762052856445312,41.18000030517578,puts,0.026226323263631893
